ES0044444444444444441F001;2024;05;01;00;15;0;0;0;0;0;0;0;R;
ES0044444444444444441F001;2024;05;01;00;30;0;0;0;0;0;0;0;R;
ES0044444444444444441F001;2024;05;01;00;45;0;0;0;0;0;0;0;R;
ES0044444444444444441F001;2024;05;01;01;00;0;0;0;0;0;0;0;R;
ES0044444444444444441F001;2024;05;01;01;15;0;0;0;0;0;0;0;R;
ES0044444444444444441F001;2024;05;01;01;30;0;0;0;0;0;0;0;R;
ES0044444444444444441F001;2024;05;01;01;45;0;0;0;0;0;0;0;R;
ES0044444444444444441F001;2024;05;01;02;00;0;0;0;0;0;0;0;R;
ES0044444444444444441F001;2024;05;01;02;15;0;0;0;0;0;0;0;R;
ES0044444444444444441F001;2024;05;01;02;30;0;0;0;0;0;0;0;R;
ES0044444444444444441F001;2024;05;01;02;45;0;0;0;0;0;0;0;R;
ES0044444444444444441F001;2024;05;01;03;00;0;0;0;0;0;0;0;R;
ES0044444444444444441F001;2024;05;01;03;15;0;0;0;0;0;0;0;R;
ES0044444444444444441F001;2024;05;01;03;30;0;0;0;0;0;0;0;R;
ES0044444444444444441F001;2024;05;01;03;45;0;0;0;0;0;0;0;R;
ES0044444444444444441F001;2024;05;01;04;00;0;0;0;0;0;0;0;R;
ES0044444444444444441F001;2024;05;01;04;15;0;0;0;0;0;0;0;R;
ES0044444444444444441F001;2024;05;01;04;30;0;0;0;0;0;0;0;R;
ES0044444444444444441F001;2024;05;01;04;45;0;0;0;0;0;0;0;R;
ES0044444444444444441F001;2024;05;01;05;00;0;0;0;0;0;0;0;R;